eye 0 -550 180
look 0 0 0
up 0 0 1
d 1.7
bounds -1 -1 1 1
res 100 100
ambient 0.5 0.5 0.5
light 0 0 0 1 1.0 1.0 1.0
# SUN
sphere 0 0 0 40 5.208 3.7884 0.391125
# MERCURY: 50
sphere 50 0 0 3 0.6627 0.6627 0.6627
# VENUS: 65
sphere -61 -22 0 5 0.8784 0.6118 0.1569
# EARTH: 80
sphere 14 -79 0 5 0.3020 0.3294 0.5 
# MARS: 95
sphere 48 -82 0 4 0.7569 0.2667 0.0549
# JUPITER: 130
sphere -113 -65 0 20 0.7020 0.5294 0.4157
# SATURN: 180
sphere 169 62 0 18 0.8941 0.7725 0.58824
# URANUS: 220
sphere -191 110 0 12 0.6549 0.7647 0.85098
# NEPTUNE: 250
sphere 235 -86 0 11.5 0.2196 0.6275 0.99608
# PLUTO: 290
sphere -286 50 0 3 0.8353 0.6824 0.5412
